2.097603 
3.693119 
3.017706 
3.586693 
2.223907 
3.187490 
2.637282 
2.736215 
2.581096 
3.010442 
3.179302 
2.044911 
3.755016 
2.860555 
3.987828 
3.129857 
3.936277 
4.150825 
3.509492 
3.406532 
2.533752 
2.469142 
4.134630 
2.790307 
2.805823 
2.374579 
3.293348 
3.141023 
2.499639 
3.548210 
3.220573 
3.358445 
2.743875 
3.160500 
2.695900 
3.008489 
4.260592 
2.705295 
3.125641 
2.504566 
3.046830 
2.318538 
2.841232 
3.755594 
3.017058 
3.400318 
2.587549 
3.427737 
2.277509 
2.976468 
2.508352 
3.262608 
3.589596 
2.439239 
2.978564 
3.342904 
3.418314 
3.319298 
3.030930 
3.171668 
2.166663 
3.125560 
4.323493 
4.350817 
2.976028 
2.609571 
4.182209 
3.108848 
3.459157 
2.923166 
2.876250 
2.216564 
3.107442 
3.035431 
3.544951 
2.875601 
2.114532 
2.816580 
3.648330 
2.550063 
2.929233 
2.800480 
2.902030 
2.735394 
3.631149 
3.335408 
3.184874 
2.048257 
3.458028 
4.377179 
3.743324 
2.002545 
2.644452 
4.598093 
2.308216 
3.936974 
3.428798 
3.590436 
4.039890 
3.130265 
