             0.99995                    0 0 0 nan
   0.999967923540027                    0 0 0 nan
   0.999979422014312                    0 0 0 nan
   0.999986798621315                    0 0 0 nan
   0.999991530930101                    0 0 0 nan
   0.999994566844367                    0 0 0 nan
   0.999996514472017                    0 0 0 nan
   0.999997763932023                    0 0 0 nan
   0.999998565497101                    0 0 0 nan
   0.999999079724504                    0 0 0 nan
   0.999999409616397                    0 0 0 nan
    0.99999962125168                    0 0 0 nan
   0.999999757021893                    0 0 0 nan
    0.99999984412245                    0 0 0 nan
           0.9999999                    0 0 0 nan
             0.99995                    2 0 0 nan
   0.999967923540027                    2 0 0 nan
   0.999979422014312                    2 0 0 nan
   0.999986798621315                    2 0 0 nan
   0.999991530930101                    2 0 0 nan
   0.999994566844367                    2 0 0 nan
   0.999996514472017                    2 0 0 nan
   0.999997763932023                    2 0 0 nan
   0.999998565497101                    2 0 0 nan
   0.999999079724504                    2 0 0 nan
   0.999999409616397                    2 0 0 nan
    0.99999962125168                    2 0 0 nan
   0.999999757021893                    2 0 0 nan
    0.99999984412245                    2 0 0 nan
           0.9999999                    2 0 0 nan
