3.992317 
2.253455 
3.284221 
3.025795 
2.190088 
2.882048 
3.301531 
3.572360 
3.014897 
3.121299 
3.089562 
2.116664 
2.537066 
2.545476 
2.166504 
2.406470 
2.834324 
2.773096 
2.946047 
3.707034 
2.922468 
3.299724 
4.697102 
3.739013 
3.076670 
2.507397 
3.215082 
2.770579 
2.157198 
2.868339 
2.436255 
2.430350 
2.592163 
4.752743 
1.893739 
2.489473 
2.583209 
2.278596 
2.362517 
2.602490 
3.556653 
2.268476 
2.840387 
3.247753 
3.035587 
2.123588 
2.278569 
3.621126 
4.488419 
2.694036 
3.260752 
2.361985 
2.869496 
2.913746 
1.553016 
2.939891 
2.118122 
3.206126 
4.643930 
2.196952 
3.305757 
2.813662 
3.182090 
4.087286 
2.166542 
3.573188 
3.407283 
3.197731 
3.272864 
5.392050 
4.500664 
4.340527 
3.452090 
2.876018 
3.062850 
2.721175 
3.184917 
2.856334 
3.127165 
2.760084 
2.298935 
3.078152 
2.811174 
2.696715 
2.425446 
3.334617 
2.816052 
3.036074 
2.514957 
3.378129 
2.702920 
2.296890 
3.275080 
4.065394 
2.820082 
2.418128 
2.523063 
3.752409 
3.217497 
4.574840 
