functions
{

data
{
    type                sets;
    writeControl        writeTime;
    //outputInterval      1;
    interpolationScheme cellPoint;
    fields          (U);

    setFormat csv;

    sets
    (
        data
        {
            type cloud;
            axis xyz;
            points
            (
( 1.1 -2.5 0.0 )
( 1.1 -2.25 0.0 )
( 1.1 -2.0 0.0 )
( 1.1 -1.75 0.0 )
( 1.1 -1.5 0.0 )
( 1.1 -1.25 0.0 )
( 1.1 -1.0 0.0 )
( 1.1 -0.75 0.0 )
( 1.1 -0.5 0.0 )
( 1.1 -0.25 0.0 )
( 1.1 0.0 0.0 )
( 1.1 0.25 0.0 )
( 1.1 0.5 0.0 )
( 1.1 0.75 0.0 )
( 1.1 1.0 0.0 )
( 1.1 1.25 0.0 )
( 1.1 1.5 0.0 )
( 1.1 1.75 0.0 )
( 1.1 2.0 0.0 )
( 1.1 2.25 0.0 )
( 1.1 2.5 0.0 )
( 1.2950000000000002 -2.5 0.0 )
( 1.2950000000000002 -2.25 0.0 )
( 1.2950000000000002 -2.0 0.0 )
( 1.2950000000000002 -1.75 0.0 )
( 1.2950000000000002 -1.5 0.0 )
( 1.2950000000000002 -1.25 0.0 )
( 1.2950000000000002 -1.0 0.0 )
( 1.2950000000000002 -0.75 0.0 )
( 1.2950000000000002 -0.5 0.0 )
( 1.2950000000000002 -0.25 0.0 )
( 1.2950000000000002 0.0 0.0 )
( 1.2950000000000002 0.25 0.0 )
( 1.2950000000000002 0.5 0.0 )
( 1.2950000000000002 0.75 0.0 )
( 1.2950000000000002 1.0 0.0 )
( 1.2950000000000002 1.25 0.0 )
( 1.2950000000000002 1.5 0.0 )
( 1.2950000000000002 1.75 0.0 )
( 1.2950000000000002 2.0 0.0 )
( 1.2950000000000002 2.25 0.0 )
( 1.2950000000000002 2.5 0.0 )
( 1.4900000000000002 -2.5 0.0 )
( 1.4900000000000002 -2.25 0.0 )
( 1.4900000000000002 -2.0 0.0 )
( 1.4900000000000002 -1.75 0.0 )
( 1.4900000000000002 -1.5 0.0 )
( 1.4900000000000002 -1.25 0.0 )
( 1.4900000000000002 -1.0 0.0 )
( 1.4900000000000002 -0.75 0.0 )
( 1.4900000000000002 -0.5 0.0 )
( 1.4900000000000002 -0.25 0.0 )
( 1.4900000000000002 0.0 0.0 )
( 1.4900000000000002 0.25 0.0 )
( 1.4900000000000002 0.5 0.0 )
( 1.4900000000000002 0.75 0.0 )
( 1.4900000000000002 1.0 0.0 )
( 1.4900000000000002 1.25 0.0 )
( 1.4900000000000002 1.5 0.0 )
( 1.4900000000000002 1.75 0.0 )
( 1.4900000000000002 2.0 0.0 )
( 1.4900000000000002 2.25 0.0 )
( 1.4900000000000002 2.5 0.0 )
( 1.685 -2.5 0.0 )
( 1.685 -2.25 0.0 )
( 1.685 -2.0 0.0 )
( 1.685 -1.75 0.0 )
( 1.685 -1.5 0.0 )
( 1.685 -1.25 0.0 )
( 1.685 -1.0 0.0 )
( 1.685 -0.75 0.0 )
( 1.685 -0.5 0.0 )
( 1.685 -0.25 0.0 )
( 1.685 0.0 0.0 )
( 1.685 0.25 0.0 )
( 1.685 0.5 0.0 )
( 1.685 0.75 0.0 )
( 1.685 1.0 0.0 )
( 1.685 1.25 0.0 )
( 1.685 1.5 0.0 )
( 1.685 1.75 0.0 )
( 1.685 2.0 0.0 )
( 1.685 2.25 0.0 )
( 1.685 2.5 0.0 )
( 1.8800000000000001 -2.5 0.0 )
( 1.8800000000000001 -2.25 0.0 )
( 1.8800000000000001 -2.0 0.0 )
( 1.8800000000000001 -1.75 0.0 )
( 1.8800000000000001 -1.5 0.0 )
( 1.8800000000000001 -1.25 0.0 )
( 1.8800000000000001 -1.0 0.0 )
( 1.8800000000000001 -0.75 0.0 )
( 1.8800000000000001 -0.5 0.0 )
( 1.8800000000000001 -0.25 0.0 )
( 1.8800000000000001 0.0 0.0 )
( 1.8800000000000001 0.25 0.0 )
( 1.8800000000000001 0.5 0.0 )
( 1.8800000000000001 0.75 0.0 )
( 1.8800000000000001 1.0 0.0 )
( 1.8800000000000001 1.25 0.0 )
( 1.8800000000000001 1.5 0.0 )
( 1.8800000000000001 1.75 0.0 )
( 1.8800000000000001 2.0 0.0 )
( 1.8800000000000001 2.25 0.0 )
( 1.8800000000000001 2.5 0.0 )
( 2.075 -2.5 0.0 )
( 2.075 -2.25 0.0 )
( 2.075 -2.0 0.0 )
( 2.075 -1.75 0.0 )
( 2.075 -1.5 0.0 )
( 2.075 -1.25 0.0 )
( 2.075 -1.0 0.0 )
( 2.075 -0.75 0.0 )
( 2.075 -0.5 0.0 )
( 2.075 -0.25 0.0 )
( 2.075 0.0 0.0 )
( 2.075 0.25 0.0 )
( 2.075 0.5 0.0 )
( 2.075 0.75 0.0 )
( 2.075 1.0 0.0 )
( 2.075 1.25 0.0 )
( 2.075 1.5 0.0 )
( 2.075 1.75 0.0 )
( 2.075 2.0 0.0 )
( 2.075 2.25 0.0 )
( 2.075 2.5 0.0 )
( 2.27 -2.5 0.0 )
( 2.27 -2.25 0.0 )
( 2.27 -2.0 0.0 )
( 2.27 -1.75 0.0 )
( 2.27 -1.5 0.0 )
( 2.27 -1.25 0.0 )
( 2.27 -1.0 0.0 )
( 2.27 -0.75 0.0 )
( 2.27 -0.5 0.0 )
( 2.27 -0.25 0.0 )
( 2.27 0.0 0.0 )
( 2.27 0.25 0.0 )
( 2.27 0.5 0.0 )
( 2.27 0.75 0.0 )
( 2.27 1.0 0.0 )
( 2.27 1.25 0.0 )
( 2.27 1.5 0.0 )
( 2.27 1.75 0.0 )
( 2.27 2.0 0.0 )
( 2.27 2.25 0.0 )
( 2.27 2.5 0.0 )
( 2.465 -2.5 0.0 )
( 2.465 -2.25 0.0 )
( 2.465 -2.0 0.0 )
( 2.465 -1.75 0.0 )
( 2.465 -1.5 0.0 )
( 2.465 -1.25 0.0 )
( 2.465 -1.0 0.0 )
( 2.465 -0.75 0.0 )
( 2.465 -0.5 0.0 )
( 2.465 -0.25 0.0 )
( 2.465 0.0 0.0 )
( 2.465 0.25 0.0 )
( 2.465 0.5 0.0 )
( 2.465 0.75 0.0 )
( 2.465 1.0 0.0 )
( 2.465 1.25 0.0 )
( 2.465 1.5 0.0 )
( 2.465 1.75 0.0 )
( 2.465 2.0 0.0 )
( 2.465 2.25 0.0 )
( 2.465 2.5 0.0 )
( 2.66 -2.5 0.0 )
( 2.66 -2.25 0.0 )
( 2.66 -2.0 0.0 )
( 2.66 -1.75 0.0 )
( 2.66 -1.5 0.0 )
( 2.66 -1.25 0.0 )
( 2.66 -1.0 0.0 )
( 2.66 -0.75 0.0 )
( 2.66 -0.5 0.0 )
( 2.66 -0.25 0.0 )
( 2.66 0.0 0.0 )
( 2.66 0.25 0.0 )
( 2.66 0.5 0.0 )
( 2.66 0.75 0.0 )
( 2.66 1.0 0.0 )
( 2.66 1.25 0.0 )
( 2.66 1.5 0.0 )
( 2.66 1.75 0.0 )
( 2.66 2.0 0.0 )
( 2.66 2.25 0.0 )
( 2.66 2.5 0.0 )
( 2.8550000000000004 -2.5 0.0 )
( 2.8550000000000004 -2.25 0.0 )
( 2.8550000000000004 -2.0 0.0 )
( 2.8550000000000004 -1.75 0.0 )
( 2.8550000000000004 -1.5 0.0 )
( 2.8550000000000004 -1.25 0.0 )
( 2.8550000000000004 -1.0 0.0 )
( 2.8550000000000004 -0.75 0.0 )
( 2.8550000000000004 -0.5 0.0 )
( 2.8550000000000004 -0.25 0.0 )
( 2.8550000000000004 0.0 0.0 )
( 2.8550000000000004 0.25 0.0 )
( 2.8550000000000004 0.5 0.0 )
( 2.8550000000000004 0.75 0.0 )
( 2.8550000000000004 1.0 0.0 )
( 2.8550000000000004 1.25 0.0 )
( 2.8550000000000004 1.5 0.0 )
( 2.8550000000000004 1.75 0.0 )
( 2.8550000000000004 2.0 0.0 )
( 2.8550000000000004 2.25 0.0 )
( 2.8550000000000004 2.5 0.0 )
( 3.0500000000000003 -2.5 0.0 )
( 3.0500000000000003 -2.25 0.0 )
( 3.0500000000000003 -2.0 0.0 )
( 3.0500000000000003 -1.75 0.0 )
( 3.0500000000000003 -1.5 0.0 )
( 3.0500000000000003 -1.25 0.0 )
( 3.0500000000000003 -1.0 0.0 )
( 3.0500000000000003 -0.75 0.0 )
( 3.0500000000000003 -0.5 0.0 )
( 3.0500000000000003 -0.25 0.0 )
( 3.0500000000000003 0.0 0.0 )
( 3.0500000000000003 0.25 0.0 )
( 3.0500000000000003 0.5 0.0 )
( 3.0500000000000003 0.75 0.0 )
( 3.0500000000000003 1.0 0.0 )
( 3.0500000000000003 1.25 0.0 )
( 3.0500000000000003 1.5 0.0 )
( 3.0500000000000003 1.75 0.0 )
( 3.0500000000000003 2.0 0.0 )
( 3.0500000000000003 2.25 0.0 )
( 3.0500000000000003 2.5 0.0 )
( 3.245 -2.5 0.0 )
( 3.245 -2.25 0.0 )
( 3.245 -2.0 0.0 )
( 3.245 -1.75 0.0 )
( 3.245 -1.5 0.0 )
( 3.245 -1.25 0.0 )
( 3.245 -1.0 0.0 )
( 3.245 -0.75 0.0 )
( 3.245 -0.5 0.0 )
( 3.245 -0.25 0.0 )
( 3.245 0.0 0.0 )
( 3.245 0.25 0.0 )
( 3.245 0.5 0.0 )
( 3.245 0.75 0.0 )
( 3.245 1.0 0.0 )
( 3.245 1.25 0.0 )
( 3.245 1.5 0.0 )
( 3.245 1.75 0.0 )
( 3.245 2.0 0.0 )
( 3.245 2.25 0.0 )
( 3.245 2.5 0.0 )
( 3.44 -2.5 0.0 )
( 3.44 -2.25 0.0 )
( 3.44 -2.0 0.0 )
( 3.44 -1.75 0.0 )
( 3.44 -1.5 0.0 )
( 3.44 -1.25 0.0 )
( 3.44 -1.0 0.0 )
( 3.44 -0.75 0.0 )
( 3.44 -0.5 0.0 )
( 3.44 -0.25 0.0 )
( 3.44 0.0 0.0 )
( 3.44 0.25 0.0 )
( 3.44 0.5 0.0 )
( 3.44 0.75 0.0 )
( 3.44 1.0 0.0 )
( 3.44 1.25 0.0 )
( 3.44 1.5 0.0 )
( 3.44 1.75 0.0 )
( 3.44 2.0 0.0 )
( 3.44 2.25 0.0 )
( 3.44 2.5 0.0 )
( 3.6350000000000002 -2.5 0.0 )
( 3.6350000000000002 -2.25 0.0 )
( 3.6350000000000002 -2.0 0.0 )
( 3.6350000000000002 -1.75 0.0 )
( 3.6350000000000002 -1.5 0.0 )
( 3.6350000000000002 -1.25 0.0 )
( 3.6350000000000002 -1.0 0.0 )
( 3.6350000000000002 -0.75 0.0 )
( 3.6350000000000002 -0.5 0.0 )
( 3.6350000000000002 -0.25 0.0 )
( 3.6350000000000002 0.0 0.0 )
( 3.6350000000000002 0.25 0.0 )
( 3.6350000000000002 0.5 0.0 )
( 3.6350000000000002 0.75 0.0 )
( 3.6350000000000002 1.0 0.0 )
( 3.6350000000000002 1.25 0.0 )
( 3.6350000000000002 1.5 0.0 )
( 3.6350000000000002 1.75 0.0 )
( 3.6350000000000002 2.0 0.0 )
( 3.6350000000000002 2.25 0.0 )
( 3.6350000000000002 2.5 0.0 )
( 3.83 -2.5 0.0 )
( 3.83 -2.25 0.0 )
( 3.83 -2.0 0.0 )
( 3.83 -1.75 0.0 )
( 3.83 -1.5 0.0 )
( 3.83 -1.25 0.0 )
( 3.83 -1.0 0.0 )
( 3.83 -0.75 0.0 )
( 3.83 -0.5 0.0 )
( 3.83 -0.25 0.0 )
( 3.83 0.0 0.0 )
( 3.83 0.25 0.0 )
( 3.83 0.5 0.0 )
( 3.83 0.75 0.0 )
( 3.83 1.0 0.0 )
( 3.83 1.25 0.0 )
( 3.83 1.5 0.0 )
( 3.83 1.75 0.0 )
( 3.83 2.0 0.0 )
( 3.83 2.25 0.0 )
( 3.83 2.5 0.0 )
( 4.025 -2.5 0.0 )
( 4.025 -2.25 0.0 )
( 4.025 -2.0 0.0 )
( 4.025 -1.75 0.0 )
( 4.025 -1.5 0.0 )
( 4.025 -1.25 0.0 )
( 4.025 -1.0 0.0 )
( 4.025 -0.75 0.0 )
( 4.025 -0.5 0.0 )
( 4.025 -0.25 0.0 )
( 4.025 0.0 0.0 )
( 4.025 0.25 0.0 )
( 4.025 0.5 0.0 )
( 4.025 0.75 0.0 )
( 4.025 1.0 0.0 )
( 4.025 1.25 0.0 )
( 4.025 1.5 0.0 )
( 4.025 1.75 0.0 )
( 4.025 2.0 0.0 )
( 4.025 2.25 0.0 )
( 4.025 2.5 0.0 )
( 4.220000000000001 -2.5 0.0 )
( 4.220000000000001 -2.25 0.0 )
( 4.220000000000001 -2.0 0.0 )
( 4.220000000000001 -1.75 0.0 )
( 4.220000000000001 -1.5 0.0 )
( 4.220000000000001 -1.25 0.0 )
( 4.220000000000001 -1.0 0.0 )
( 4.220000000000001 -0.75 0.0 )
( 4.220000000000001 -0.5 0.0 )
( 4.220000000000001 -0.25 0.0 )
( 4.220000000000001 0.0 0.0 )
( 4.220000000000001 0.25 0.0 )
( 4.220000000000001 0.5 0.0 )
( 4.220000000000001 0.75 0.0 )
( 4.220000000000001 1.0 0.0 )
( 4.220000000000001 1.25 0.0 )
( 4.220000000000001 1.5 0.0 )
( 4.220000000000001 1.75 0.0 )
( 4.220000000000001 2.0 0.0 )
( 4.220000000000001 2.25 0.0 )
( 4.220000000000001 2.5 0.0 )
( 4.415 -2.5 0.0 )
( 4.415 -2.25 0.0 )
( 4.415 -2.0 0.0 )
( 4.415 -1.75 0.0 )
( 4.415 -1.5 0.0 )
( 4.415 -1.25 0.0 )
( 4.415 -1.0 0.0 )
( 4.415 -0.75 0.0 )
( 4.415 -0.5 0.0 )
( 4.415 -0.25 0.0 )
( 4.415 0.0 0.0 )
( 4.415 0.25 0.0 )
( 4.415 0.5 0.0 )
( 4.415 0.75 0.0 )
( 4.415 1.0 0.0 )
( 4.415 1.25 0.0 )
( 4.415 1.5 0.0 )
( 4.415 1.75 0.0 )
( 4.415 2.0 0.0 )
( 4.415 2.25 0.0 )
( 4.415 2.5 0.0 )
( 4.61 -2.5 0.0 )
( 4.61 -2.25 0.0 )
( 4.61 -2.0 0.0 )
( 4.61 -1.75 0.0 )
( 4.61 -1.5 0.0 )
( 4.61 -1.25 0.0 )
( 4.61 -1.0 0.0 )
( 4.61 -0.75 0.0 )
( 4.61 -0.5 0.0 )
( 4.61 -0.25 0.0 )
( 4.61 0.0 0.0 )
( 4.61 0.25 0.0 )
( 4.61 0.5 0.0 )
( 4.61 0.75 0.0 )
( 4.61 1.0 0.0 )
( 4.61 1.25 0.0 )
( 4.61 1.5 0.0 )
( 4.61 1.75 0.0 )
( 4.61 2.0 0.0 )
( 4.61 2.25 0.0 )
( 4.61 2.5 0.0 )
( 4.805 -2.5 0.0 )
( 4.805 -2.25 0.0 )
( 4.805 -2.0 0.0 )
( 4.805 -1.75 0.0 )
( 4.805 -1.5 0.0 )
( 4.805 -1.25 0.0 )
( 4.805 -1.0 0.0 )
( 4.805 -0.75 0.0 )
( 4.805 -0.5 0.0 )
( 4.805 -0.25 0.0 )
( 4.805 0.0 0.0 )
( 4.805 0.25 0.0 )
( 4.805 0.5 0.0 )
( 4.805 0.75 0.0 )
( 4.805 1.0 0.0 )
( 4.805 1.25 0.0 )
( 4.805 1.5 0.0 )
( 4.805 1.75 0.0 )
( 4.805 2.0 0.0 )
( 4.805 2.25 0.0 )
( 4.805 2.5 0.0 )
( 5.0 -2.5 0.0 )
( 5.0 -2.25 0.0 )
( 5.0 -2.0 0.0 )
( 5.0 -1.75 0.0 )
( 5.0 -1.5 0.0 )
( 5.0 -1.25 0.0 )
( 5.0 -1.0 0.0 )
( 5.0 -0.75 0.0 )
( 5.0 -0.5 0.0 )
( 5.0 -0.25 0.0 )
( 5.0 0.0 0.0 )
( 5.0 0.25 0.0 )
( 5.0 0.5 0.0 )
( 5.0 0.75 0.0 )
( 5.0 1.0 0.0 )
( 5.0 1.25 0.0 )
( 5.0 1.5 0.0 )
( 5.0 1.75 0.0 )
( 5.0 2.0 0.0 )
( 5.0 2.25 0.0 )
( 5.0 2.5 0.0 )
            );
        }   
    );
}
}